0.316952198784534
0.316939191190705
0.316913176463361
0.316874152289657
0.316822119508132
0.316757076804738
0.316679023115448
0.316587957439298
0.316483880460511
0.31636679189363
0.316236688107692
0.316093568564479
0.31593743151668
0.31576827226915
0.315586091366373
0.315390887237726
0.315182618377376
0.314961294146326
0.314726449752207
0.31447838079399
0.314217154960122
0.313942872382314
0.313653923444725
0.313346106837745
0.313026833878084
0.312699007877915
0.312360781917694
0.312014781957629
0.311659314832685
0.311294381121658
0.310925160271452
0.310546966071627
0.31017360683708
0.309804315244312
0.309442694439826
0.309065236905539
0.308701734839361
0.308354887479829
0.308024122527249
0.307713595415888
0.307410590415628
0.307132503781898
0.306879257145177
0.306651379452638
0.306445221996955
0.306265907289322
0.306112592370421
0.305986093214847
0.305886656048934
